tile2
		0, 0, 0, 0, 0, 0, 0, 0, 0, 0, 0, 0, 0,
				0, 0, 0, 0, 0, 0, 0, 0, 0, 0, 0, 0, 0,
				0, 0, 0, 0, 0, 0, 0, 0, 0, 0, 0, 0, 0,
				0, 0, 0, 0, 0, 0, 0, 0, 0, 0, 0, 0, 0,
				0, 0, 0, 0, 0, 0, 10, 0, 0, 0, 0, 0, 0,
				7, 8, 9, 0, 0, 0, 0, 0, 0, 0, 7, 8, 9,
				0, 0, 0, 0, 0, 0, 0, 0, 0, 0, 0, 0, 0,
				4, 5, 5, 5, 5, 5, 5, 5, 5, 5, 5, 5, 6,
				1, 2, 2, 2, 2, 2, 2, 2, 2, 2, 2, 2, 3,
				0, 0, 0, 0, 0, 0, 0, 0, 0, 0, 0, 0, 0
tile3
				0, 0, 0, 0, 0, 0, 0, 0, 0, 0, 0, 0, 0,
					9, 0, 0, 0, 0, 0, 0, 0, 0, 0, 0, 0, 7,
					6, 0, 0, 0, 0, 0, 0, 0, 0, 0, 0, 0, 4,
					6, 0, 0, 0, 0, 0, 0, 0, 0, 0, 0, 0, 4,
					6, 0, 0, 0, 0, 0, 13, 0, 0, 0, 0, 0, 4,
					6, 11, 12, 0, 0, 0, 0, 0, 0, 0, 10, 11, 4,
					6, 0, 0, 0, 0, 0, 0, 0, 0, 0, 0, 0, 4,
					6, 8, 8, 8, 8, 8, 8, 8, 8, 8, 8, 8, 4,
					3, 2, 2, 2, 2, 2, 2, 2, 2, 2, 2, 2, 1,
					0, 0, 0, 0, 0, 0, 0, 0, 0, 0, 0, 0, 0